3834 (0.0, 0.0, 0.0)
3835 (0.0, 0.0, 0.0)
3836 (0.0, 0.0, 0.0)
3858 (0.0, 0.0, 0.0)
3859 (0.0, 0.0, 0.0)
3860 (0.0, 0.0, 0.0)
3861 (0.0, 0.0, 0.0)
3862 (0.0, 0.0, 0.0)
3863 (0.0, 0.0, 0.0)
3864 (0.0, 0.0, 0.0)
3865 (0.0, 0.0, 0.0)
3866 (0.0, 0.0, 0.0)
3867 (0.0, 0.0, 0.0)
3868 (0.0, 0.0, 0.0)
3869 (0.0, 0.0, 0.0)
3870 (0.0, 0.0, 0.0)
3871 (0.0, 0.0, 0.0)
3872 (0.0, 0.0, 0.0)
3873 (0.0, 0.0, 0.0)
3874 (0.0, 0.0, 0.1)
3875 (0.0, 0.0, 0.1)
3876 (0.0, 0.0, 0.1)
3877 (0.0, -0.1, 0.1)
3878 (0.0, -0.1, 0.1)
3879 (0.0, -0.1, 0.1)
3880 (0.0, -0.1, 0.1)
3881 (0.0, -0.1, 0.1)
3882 (0.0, -0.1, 0.1)
3883 (0.0, -0.1, 0.1)
3884 (0.0, -0.1, 0.1)
3885 (0.0, -0.1, 0.1)
3886 (0.0, -0.1, 0.1)
3887 (0.0, -0.1, 0.1)
3888 (0.0, -0.1, 0.1)
3889 (0.0, -0.1, 0.1)
3890 (0.0, -0.1, 0.1)
3891 (0.0, -0.1, 0.1)
3892 (0.0, -0.1, 0.1)
3893 (0.0, -0.1, 0.1)
3894 (0.0, -0.1, 0.1)
3895 (0.0, -0.1, 0.1)
3896 (0.0, -0.1, 0.1)
3897 (0.0, -0.1, 0.1)
3898 (0.0, -0.1, 0.1)
3899 (0.0, -0.1, 0.1)
3900 (0.0, -0.1, 0.1)
3901 (-0.1, -0.1, 0.1)
3902 (-0.1, -0.1, 0.1)
3903 (-0.1, -0.1, 0.1)
3904 (-0.1, -0.1, 0.1)
3905 (-0.1, -0.1, 0.1)
3906 (-0.1, -0.1, 0.1)
3907 (-0.1, -0.1, 0.1)
3908 (-0.1, -0.1, 0.1)
3909 (-0.1, -0.1, 0.1)
3910 (-0.1, -0.1, 0.1)
3911 (-0.1, -0.1, 0.1)
3912 (-0.1, -0.1, 0.1)
3913 (-0.1, -0.1, 0.1)
3914 (-0.1, -0.1, 0.1)
3915 (-0.1, -0.1, 0.1)
3916 (-0.1, -0.2, 0.1)
3917 (-0.1, -0.2, 0.1)
3918 (-0.1, -0.2, 0.1)
3919 (-0.1, -0.2, 0.1)
3920 (-0.1, -0.2, 0.1)
3921 (-0.1, -0.2, 0.1)
3922 (-0.1, -0.2, 0.1)
3923 (-0.1, -0.2, 0.1)
3924 (-0.1, -0.2, 0.1)
3925 (-0.1, -0.2, 0.1)
3926 (-0.1, -0.2, 0.1)
3927 (-0.1, -0.2, 0.1)
3928 (-0.1, -0.2, 0.1)
3929 (-0.1, -0.2, 0.1)
3930 (-0.1, -0.2, 0.2)
3931 (-0.1, -0.2, 0.2)
3932 (-0.1, -0.2, 0.2)
3933 (-0.1, -0.2, 0.2)
3934 (-0.1, -0.2, 0.2)
3935 (-0.1, -0.2, 0.2)
3936 (-0.1, -0.2, 0.2)
3937 (-0.1, -0.2, 0.2)
3938 (-0.1, -0.2, 0.2)
3939 (0.0, -0.2, 0.2)
3940 (0.0, -0.2, 0.2)
3941 (0.0, -0.2, 0.2)
3942 (0.0, -0.2, 0.2)
3943 (0.0, -0.2, 0.2)
3944 (0.0, -0.2, 0.2)
3945 (0.0, -0.2, 0.2)
3946 (0.0, -0.2, 0.2)
3947 (0.0, -0.2, 0.2)
3948 (0.0, -0.2, 0.2)
3949 (0.0, -0.2, 0.2)
3950 (0.0, -0.3, 0.2)
3951 (0.0, -0.3, 0.2)
3952 (0.0, -0.3, 0.2)
3953 (0.0, -0.3, 0.2)
3954 (0.0, -0.3, 0.2)
3955 (0.0, -0.3, 0.2)
3956 (0.0, -0.3, 0.2)
3957 (0.0, -0.3, 0.2)
3958 (0.0, -0.3, 0.2)
3959 (0.0, -0.3, 0.2)
3960 (0.0, -0.3, 0.2)
3961 (0.0, -0.3, 0.2)
3962 (0.0, -0.3, 0.2)
3963 (0.0, -0.3, 0.2)
3964 (0.0, -0.3, 0.2)
3965 (0.0, -0.3, 0.2)
3966 (0.0, -0.3, 0.2)
3967 (0.0, -0.3, 0.2)
3968 (0.0, -0.3, 0.2)
3969 (0.0, -0.3, 0.2)
3970 (0.0, -0.3, 0.2)
3971 (0.0, -0.3, 0.2)
3972 (0.0, -0.3, 0.2)
3973 (0.0, -0.3, 0.2)
3974 (0.0, -0.3, 0.2)
3975 (0.0, -0.3, 0.2)
3976 (0.0, -0.3, 0.2)
3977 (0.0, -0.3, 0.2)
3978 (0.1, -0.3, 0.2)
3979 (0.1, -0.3, 0.2)
3980 (0.1, -0.3, 0.2)
3981 (0.1, -0.3, 0.2)
3982 (0.1, -0.3, 0.2)
3983 (0.1, -0.3, 0.2)
3984 (0.1, -0.3, 0.2)
3985 (0.1, -0.3, 0.2)
3986 (0.1, -0.3, 0.2)
3987 (0.1, -0.3, 0.2)
3988 (0.1, -0.3, 0.2)
3989 (0.1, -0.3, 0.2)
3990 (0.1, -0.3, 0.2)
3991 (0.1, -0.3, 0.2)
3992 (0.1, -0.3, 0.2)
3993 (0.1, -0.3, 0.2)
3994 (0.1, -0.3, 0.2)
3995 (0.1, -0.3, 0.2)
3996 (0.0, -0.3, 0.2)
3997 (0.0, -0.3, 0.2)
3998 (0.0, -0.3, 0.2)
3999 (0.0, -0.3, 0.2)
4000 (0.0, -0.3, 0.2)
4001 (0.0, -0.3, 0.2)
4002 (0.0, -0.3, 0.2)
4003 (0.0, -0.3, 0.2)
4004 (0.0, -0.3, 0.2)
4005 (0.0, -0.4, 0.2)
4006 (0.0, -0.4, 0.2)
4007 (0.0, -0.4, 0.2)
4008 (0.0, -0.4, 0.2)
4009 (0.0, -0.4, 0.2)
4010 (0.0, -0.4, 0.2)
4011 (0.0, -0.4, 0.2)
4012 (0.0, -0.4, 0.2)
4013 (0.0, -0.4, 0.2)
4014 (0.0, -0.4, 0.2)
4015 (0.0, -0.4, 0.2)
4016 (0.0, -0.4, 0.2)
4017 (0.0, -0.4, 0.2)
4018 (0.0, -0.4, 0.3)
4019 (0.0, -0.4, 0.3)
4020 (0.0, -0.4, 0.3)
4021 (0.0, -0.4, 0.3)
4022 (0.0, -0.4, 0.3)
4023 (0.0, -0.4, 0.3)
4024 (0.0, -0.4, 0.3)
4025 (0.0, -0.4, 0.3)
4026 (0.0, -0.4, 0.3)
4027 (0.0, -0.4, 0.3)
4028 (0.0, -0.4, 0.3)
4029 (0.0, -0.4, 0.3)
4030 (-0.1, -0.4, 0.3)
4031 (-0.1, -0.4, 0.3)
4032 (-0.1, -0.4, 0.3)
4033 (-0.1, -0.4, 0.3)
4034 (-0.1, -0.4, 0.3)
4035 (-0.1, -0.4, 0.3)
4036 (-0.1, -0.5, 0.3)
4037 (-0.1, -0.5, 0.3)
4038 (-0.1, -0.5, 0.3)
4039 (-0.1, -0.5, 0.3)
4040 (-0.1, -0.5, 0.3)
4041 (-0.1, -0.5, 0.3)
4042 (-0.1, -0.5, 0.3)
4043 (-0.1, -0.5, 0.4)
4044 (-0.1, -0.5, 0.4)
4045 (-0.1, -0.5, 0.4)
4046 (-0.1, -0.5, 0.4)
4047 (-0.1, -0.5, 0.4)
4048 (-0.1, -0.5, 0.4)
4049 (-0.1, -0.5, 0.4)
4050 (-0.1, -0.5, 0.4)
4051 (-0.1, -0.5, 0.4)
4052 (-0.1, -0.5, 0.4)
4053 (-0.1, -0.5, 0.4)
4054 (-0.1, -0.5, 0.4)
4055 (-0.1, -0.5, 0.4)
4056 (-0.1, -0.5, 0.4)
4057 (-0.1, -0.5, 0.4)
4058 (-0.1, -0.5, 0.4)
4059 (-0.1, -0.5, 0.4)
4060 (-0.1, -0.5, 0.4)
4061 (-0.1, -0.5, 0.4)
4062 (-0.1, -0.5, 0.4)
4063 (-0.1, -0.5, 0.4)
4064 (-0.1, -0.5, 0.4)
4065 (-0.1, -0.5, 0.4)
4066 (-0.1, -0.5, 0.4)
4067 (-0.1, -0.5, 0.4)
4068 (-0.1, -0.5, 0.4)
4069 (-0.1, -0.5, 0.4)
4070 (-0.1, -0.5, 0.4)
4071 (-0.1, -0.5, 0.4)
4072 (-0.1, -0.5, 0.4)
4073 (-0.1, -0.5, 0.4)
4074 (-0.1, -0.5, 0.4)
4075 (-0.1, -0.5, 0.4)
4076 (0.0, -0.5, 0.4)
4077 (0.0, -0.5, 0.4)
4078 (0.0, -0.6, 0.4)
4079 (0.0, -0.6, 0.4)
4080 (0.0, -0.6, 0.4)
4081 (0.0, -0.6, 0.4)
4082 (0.0, -0.6, 0.4)
4083 (0.0, -0.6, 0.4)
4084 (0.0, -0.6, 0.4)
4085 (0.0, -0.6, 0.4)
4086 (0.0, -0.6, 0.4)
4087 (0.0, -0.6, 0.4)
4088 (0.0, -0.6, 0.4)
4089 (0.0, -0.6, 0.5)
4090 (0.0, -0.6, 0.5)
4091 (0.0, -0.6, 0.5)
4092 (0.0, -0.6, 0.5)
4093 (0.0, -0.6, 0.5)
4094 (0.0, -0.6, 0.5)
4095 (0.0, -0.6, 0.5)
4096 (0.0, -0.6, 0.5)
4097 (0.0, -0.6, 0.5)
4098 (0.0, -0.6, 0.5)
4099 (0.0, -0.6, 0.5)
4100 (0.0, -0.6, 0.5)
4101 (0.0, -0.6, 0.5)
4102 (0.0, -0.6, 0.5)
4103 (0.0, -0.6, 0.5)
4104 (0.0, -0.6, 0.5)
4105 (0.0, -0.6, 0.5)
4106 (0.0, -0.6, 0.5)
4107 (0.0, -0.6, 0.5)
4108 (0.0, -0.6, 0.5)
4109 (0.0, -0.6, 0.5)
4110 (0.0, -0.6, 0.5)
4111 (0.0, -0.6, 0.5)
4112 (0.0, -0.6, 0.5)
4113 (0.0, -0.6, 0.5)
4114 (0.0, -0.6, 0.5)
4115 (0.0, -0.6, 0.5)
4116 (0.0, -0.6, 0.5)
4117 (0.0, -0.6, 0.5)
4118 (0.0, -0.6, 0.5)
4119 (0.0, -0.6, 0.5)
4120 (0.0, -0.6, 0.5)
4121 (0.0, -0.6, 0.5)
4122 (0.0, -0.6, 0.5)
4123 (0.0, -0.6, 0.5)
4124 (0.0, -0.6, 0.5)
4125 (0.0, -0.6, 0.5)
4126 (0.0, -0.6, 0.5)
4127 (0.0, -0.6, 0.5)
4128 (0.0, -0.6, 0.5)
4129 (0.0, -0.6, 0.5)
4130 (0.0, -0.6, 0.5)
4131 (0.0, -0.7, 0.5)
4132 (-0.1, -0.7, 0.5)
4133 (-0.1, -0.7, 0.5)
4134 (-0.1, -0.7, 0.5)
4135 (-0.1, -0.7, 0.5)
4136 (-0.1, -0.7, 0.5)
4137 (-0.1, -0.7, 0.5)
4138 (-0.1, -0.7, 0.5)
4139 (-0.1, -0.7, 0.5)
4140 (-0.1, -0.7, 0.5)
4141 (-0.1, -0.7, 0.5)
4142 (-0.1, -0.7, 0.5)
4143 (-0.1, -0.7, 0.5)
4144 (-0.1, -0.7, 0.5)
4145 (-0.1, -0.7, 0.5)
4146 (-0.1, -0.7, 0.5)
4147 (-0.1, -0.7, 0.6)
4148 (-0.1, -0.7, 0.6)
4149 (-0.1, -0.7, 0.6)
4150 (-0.1, -0.7, 0.6)
4151 (-0.1, -0.7, 0.6)
4152 (-0.1, -0.7, 0.6)
4153 (-0.1, -0.7, 0.6)
4154 (-0.1, -0.7, 0.6)
4155 (-0.1, -0.7, 0.6)
4156 (-0.1, -0.7, 0.6)
4157 (-0.1, -0.7, 0.6)
4158 (-0.1, -0.7, 0.6)
4159 (-0.1, -0.7, 0.6)
4160 (-0.1, -0.7, 0.6)
4161 (-0.1, -0.7, 0.6)
4162 (-0.1, -0.7, 0.6)
4163 (-0.1, -0.7, 0.6)
4164 (-0.1, -0.7, 0.6)
4165 (-0.1, -0.7, 0.6)
4166 (-0.1, -0.7, 0.6)
4167 (-0.1, -0.7, 0.6)
4168 (-0.1, -0.7, 0.6)
4169 (-0.1, -0.7, 0.6)
4170 (-0.1, -0.7, 0.6)
4171 (-0.1, -0.7, 0.6)
4172 (-0.1, -0.7, 0.6)
4173 (-0.1, -0.7, 0.6)
4174 (-0.1, -0.7, 0.6)
4175 (-0.1, -0.7, 0.6)
4176 (-0.1, -0.7, 0.6)
4177 (-0.1, -0.7, 0.6)
4178 (-0.1, -0.7, 0.6)
4179 (-0.1, -0.7, 0.6)
4180 (-0.1, -0.7, 0.6)
4181 (-0.1, -0.7, 0.6)
4182 (-0.1, -0.7, 0.6)
4183 (-0.1, -0.7, 0.6)
4184 (-0.1, -0.7, 0.6)
4185 (-0.1, -0.7, 0.6)
4186 (-0.1, -0.7, 0.6)
4187 (-0.1, -0.7, 0.6)
4188 (-0.1, -0.7, 0.6)
4189 (-0.1, -0.7, 0.6)
4190 (-0.1, -0.7, 0.6)
4191 (-0.1, -0.7, 0.6)
4192 (-0.1, -0.7, 0.6)
4193 (-0.1, -0.7, 0.6)
4194 (-0.1, -0.7, 0.6)
4195 (-0.1, -0.7, 0.6)
4196 (-0.1, -0.8, 0.6)
4197 (0.0, -0.8, 0.6)
4198 (0.0, -0.8, 0.6)
4199 (0.0, -0.8, 0.6)
4200 (0.0, -0.8, 0.6)
4201 (0.0, -0.8, 0.6)
4202 (0.0, -0.8, 0.6)
4203 (0.0, -0.8, 0.6)
4204 (0.0, -0.8, 0.6)
4205 (0.0, -0.8, 0.6)
4206 (0.0, -0.8, 0.6)
4207 (0.0, -0.8, 0.6)
4208 (0.0, -0.8, 0.6)
4209 (0.0, -0.8, 0.6)
4210 (0.0, -0.8, 0.6)
4211 (0.0, -0.8, 0.6)
4212 (0.0, -0.8, 0.6)
4213 (0.0, -0.8, 0.6)
4214 (0.0, -0.8, 0.6)
4215 (0.0, -0.8, 0.6)
4216 (0.0, -0.8, 0.6)
4217 (0.0, -0.8, 0.7)
4218 (0.0, -0.8, 0.7)
4219 (0.0, -0.8, 0.7)
4220 (0.0, -0.8, 0.7)
4221 (0.0, -0.8, 0.7)
4222 (0.0, -0.8, 0.7)
4223 (0.0, -0.8, 0.7)
4224 (0.0, -0.8, 0.7)
4225 (0.0, -0.8, 0.7)
4226 (0.0, -0.8, 0.7)
4227 (0.0, -0.8, 0.7)
4228 (0.0, -0.8, 0.7)
4229 (0.0, -0.8, 0.7)
4230 (0.0, -0.8, 0.7)
4231 (0.0, -0.8, 0.7)
4232 (0.0, -0.8, 0.7)
4233 (0.0, -0.8, 0.7)
4234 (0.0, -0.8, 0.7)
4235 (0.0, -0.8, 0.7)
4236 (0.0, -0.8, 0.7)
4237 (0.0, -0.8, 0.7)
4238 (0.0, -0.8, 0.7)
4239 (0.0, -0.8, 0.7)
4240 (0.0, -0.8, 0.7)
4241 (0.0, -0.8, 0.7)
4242 (0.0, -0.8, 0.7)
4243 (0.0, -0.8, 0.7)
4244 (0.0, -0.8, 0.7)
4245 (0.0, -0.8, 0.7)
4246 (0.0, -0.8, 0.7)
4247 (0.0, -0.8, 0.7)
4248 (0.0, -0.8, 0.7)
4249 (0.0, -0.8, 0.7)
4250 (0.0, -0.8, 0.7)
4251 (0.0, -0.8, 0.7)
4252 (0.0, -0.8, 0.7)
4253 (0.0, -0.8, 0.7)
4254 (0.0, -0.8, 0.7)
4255 (0.0, -0.8, 0.7)
4256 (0.0, -0.8, 0.7)
4257 (0.0, -0.8, 0.7)
4258 (0.0, -0.8, 0.7)
4259 (0.0, -0.8, 0.7)
4260 (0.0, -0.8, 0.7)
4261 (0.0, -0.8, 0.7)
4262 (0.0, -0.8, 0.7)
4263 (0.0, -0.8, 0.7)
4264 (0.0, -0.8, 0.7)
4265 (0.0, -0.8, 0.7)
4266 (0.0, -0.8, 0.7)
4267 (0.0, -0.8, 0.7)
4268 (0.0, -0.9, 0.7)
4269 (0.0, -0.9, 0.7)
4270 (0.0, -0.9, 0.7)
4271 (0.0, -0.9, 0.7)
4272 (0.0, -0.9, 0.7)
4273 (0.0, -0.9, 0.7)
4274 (0.0, -0.9, 0.7)
4275 (0.0, -0.9, 0.7)
4276 (0.0, -0.9, 0.7)
4277 (0.0, -0.9, 0.7)
4278 (0.0, -0.9, 0.7)
4279 (0.0, -0.9, 0.7)
4280 (0.0, -0.9, 0.7)
4281 (0.0, -0.9, 0.7)
4282 (0.0, -0.9, 0.7)
4283 (0.0, -0.9, 0.7)
4284 (0.0, -0.9, 0.7)
4285 (0.0, -0.9, 0.7)
4286 (0.0, -0.9, 0.7)
4287 (0.0, -0.9, 0.7)
4288 (-0.1, -0.9, 0.7)
4289 (-0.1, -0.9, 0.7)
4290 (-0.1, -0.9, 0.7)
4291 (-0.1, -0.9, 0.7)
4292 (-0.1, -0.9, 0.7)
4293 (-0.1, -0.9, 0.7)
4294 (-0.1, -0.9, 0.7)
4295 (-0.1, -0.9, 0.7)
4296 (-0.1, -0.9, 0.7)
4297 (-0.1, -0.9, 0.7)
4298 (-0.1, -0.9, 0.7)
4299 (-0.1, -0.9, 0.7)
4300 (-0.1, -0.9, 0.7)
4301 (-0.1, -0.9, 0.7)
4302 (-0.1, -0.9, 0.7)
4303 (-0.1, -0.9, 0.7)
4304 (-0.1, -0.9, 0.8)
4305 (-0.1, -0.9, 0.8)
4306 (-0.1, -0.9, 0.8)
4307 (-0.1, -0.9, 0.8)
4308 (-0.1, -0.9, 0.8)
4309 (-0.1, -0.9, 0.8)
4310 (-0.1, -0.9, 0.8)
4311 (-0.1, -0.9, 0.8)
4312 (-0.1, -0.9, 0.8)
4313 (-0.1, -0.9, 0.8)
4314 (-0.1, -0.9, 0.8)
4315 (-0.1, -0.9, 0.8)
4316 (-0.1, -0.9, 0.8)
4317 (-0.1, -0.9, 0.8)
4318 (-0.1, -0.9, 0.8)
4319 (-0.1, -0.9, 0.8)
4320 (-0.1, -0.9, 0.8)
4321 (-0.1, -0.9, 0.8)
4322 (-0.1, -0.9, 0.8)
4323 (-0.1, -0.9, 0.8)
4324 (-0.1, -0.9, 0.8)
4325 (-0.1, -0.9, 0.8)
4326 (-0.1, -0.9, 0.8)
4327 (-0.1, -0.9, 0.8)
4328 (-0.1, -0.9, 0.8)
4329 (-0.1, -0.9, 0.8)
4330 (-0.1, -0.9, 0.8)
4331 (-0.1, -0.9, 0.8)
4332 (-0.1, -0.9, 0.8)
4333 (-0.1, -0.9, 0.8)
4334 (-0.1, -0.9, 0.8)
4335 (-0.1, -0.9, 0.8)
4336 (-0.1, -0.9, 0.8)
4337 (-0.1, -0.9, 0.8)
4338 (-0.1, -1.0, 0.8)
4339 (-0.1, -1.0, 0.8)
4340 (-0.1, -1.0, 0.8)
4341 (-0.1, -1.0, 0.8)
4342 (-0.1, -1.0, 0.8)
4343 (-0.1, -1.0, 0.8)
4344 (-0.1, -1.0, 0.8)
4345 (-0.1, -1.0, 0.8)
4346 (-0.1, -1.0, 0.8)
4347 (-0.1, -1.0, 0.8)
4348 (-0.1, -1.0, 0.8)
4349 (-0.1, -1.0, 0.8)
4350 (-0.1, -1.0, 0.8)
4351 (-0.1, -1.0, 0.8)
4352 (-0.1, -1.0, 0.8)
4353 (-0.1, -1.0, 0.8)
4354 (-0.1, -1.0, 0.8)
4355 (-0.1, -1.0, 0.8)
4356 (-0.1, -1.0, 0.8)
4357 (-0.1, -1.0, 0.8)
4358 (-0.1, -1.0, 0.8)
4359 (-0.1, -1.0, 0.8)
4360 (-0.1, -1.0, 0.8)
4361 (-0.1, -1.0, 0.8)
4362 (-0.1, -1.0, 0.8)
4363 (-0.1, -1.0, 0.8)
4364 (-0.1, -1.0, 0.8)
4365 (-0.1, -1.0, 0.8)
4366 (-0.1, -1.0, 0.8)
4367 (-0.1, -1.0, 0.8)
4368 (-0.1, -1.0, 0.8)
4369 (-0.1, -1.0, 0.8)
4370 (-0.1, -1.0, 0.8)
4371 (-0.1, -1.0, 0.8)
4372 (-0.1, -1.0, 0.8)
4373 (-0.1, -1.0, 0.8)
4374 (-0.1, -1.0, 0.8)
4375 (0.0, -1.0, 0.8)
4376 (0.0, -1.0, 0.8)
4377 (0.0, -1.0, 0.8)
4378 (0.0, -1.0, 0.8)
4379 (0.0, -1.0, 0.8)
4380 (0.0, -1.0, 0.8)
4381 (0.0, -1.0, 0.8)
4382 (0.0, -1.0, 0.8)
4383 (0.0, -1.0, 0.8)
4384 (0.0, -1.0, 0.8)
4385 (0.0, -1.0, 0.8)
4386 (0.0, -1.0, 0.8)
4387 (0.0, -1.0, 0.8)
4388 (0.0, -1.0, 0.8)
4389 (0.0, -1.0, 0.8)
4390 (0.0, -1.0, 0.8)
4391 (0.0, -1.0, 0.8)
4392 (0.0, -1.0, 0.8)
4393 (0.0, -1.0, 0.8)
4394 (0.0, -1.0, 0.8)
4395 (0.0, -1.0, 0.9)
4396 (0.0, -1.0, 0.9)
4397 (0.0, -1.0, 0.9)
4398 (0.0, -1.0, 0.9)
4399 (0.0, -1.0, 0.9)
4400 (0.0, -1.0, 0.9)
4401 (0.0, -1.0, 0.9)
4402 (0.0, -1.0, 0.9)
4403 (0.0, -1.0, 0.9)
4404 (0.0, -1.0, 0.9)
4405 (0.0, -1.0, 0.9)
4406 (0.0, -1.0, 0.9)
4407 (0.0, -1.0, 0.9)
4408 (0.0, -1.0, 0.9)
4409 (0.0, -1.0, 0.9)
4410 (0.0, -1.0, 0.9)
4411 (0.0, -1.0, 0.9)
4412 (0.0, -1.0, 0.9)
4413 (0.0, -1.0, 0.9)
4414 (0.0, -1.0, 0.9)
4415 (0.0, -1.0, 0.9)
4416 (0.0, -1.0, 0.9)
4417 (0.0, -1.0, 0.9)
4418 (0.0, -1.0, 0.9)
4419 (0.0, -1.0, 0.9)
4420 (0.0, -1.0, 0.9)
4421 (0.0, -1.0, 0.9)
4422 (0.0, -1.0, 0.9)
4423 (0.0, -1.0, 0.9)
4424 (0.0, -1.0, 0.9)
4425 (0.0, -1.0, 0.9)
4426 (0.0, -1.0, 0.9)
4427 (0.0, -1.0, 0.9)
4428 (0.0, -1.0, 0.9)
4429 (0.0, -1.0, 0.9)
4430 (0.0, -1.0, 0.9)
4431 (0.0, -1.0, 0.9)
4432 (0.0, -1.0, 0.9)
4433 (0.0, -1.1, 0.9)
4434 (0.0, -1.1, 0.9)
4435 (0.0, -1.1, 0.9)
4436 (0.0, -1.1, 0.9)
4437 (0.0, -1.1, 0.9)
4438 (0.0, -1.1, 0.9)
4439 (0.0, -1.1, 0.9)
4440 (0.0, -1.1, 0.9)
4441 (0.0, -1.1, 0.9)
4442 (0.0, -1.1, 0.9)
4443 (0.0, -1.1, 0.9)
4444 (0.0, -1.1, 0.9)
4445 (0.0, -1.1, 0.9)
4446 (0.0, -1.1, 0.9)
4447 (0.0, -1.1, 0.9)
4448 (0.0, -1.1, 0.9)
4449 (0.0, -1.1, 0.9)
4450 (0.0, -1.1, 0.9)
4451 (0.0, -1.1, 0.9)
4452 (0.0, -1.1, 0.9)
4453 (0.0, -1.1, 0.9)
4454 (0.0, -1.1, 0.9)
4455 (0.0, -1.1, 0.9)
4456 (0.0, -1.1, 0.9)
4457 (0.0, -1.1, 0.9)
4458 (0.0, -1.1, 0.9)
4459 (0.0, -1.1, 0.9)
4460 (-0.1, -1.1, 0.9)
4461 (-0.1, -1.1, 0.9)
4462 (-0.1, -1.1, 0.9)
4463 (-0.1, -1.1, 0.9)
4464 (-0.1, -1.1, 0.9)
4465 (-0.1, -1.1, 0.9)
4466 (-0.1, -1.1, 0.9)
4467 (-0.1, -1.1, 0.9)
4468 (-0.1, -1.1, 0.9)
4469 (-0.1, -1.1, 0.9)
4470 (-0.1, -1.1, 0.9)
4471 (-0.1, -1.1, 0.9)
4472 (-0.1, -1.1, 0.9)
4473 (-0.1, -1.1, 0.9)
4474 (-0.1, -1.1, 0.9)
4475 (-0.1, -1.1, 0.9)
4476 (-0.1, -1.1, 0.9)
4477 (-0.1, -1.1, 0.9)
4478 (-0.1, -1.1, 0.9)
4479 (-0.1, -1.1, 0.9)
4480 (-0.1, -1.1, 0.9)
4481 (-0.1, -1.1, 0.9)
4482 (-0.1, -1.1, 0.9)
4483 (-0.1, -1.1, 0.9)
4484 (-0.1, -1.1, 0.9)
4485 (-0.1, -1.1, 0.9)
4486 (-0.1, -1.1, 0.9)
4487 (-0.1, -1.1, 0.9)
4488 (-0.2, -1.1, 0.9)
4489 (-0.2, -1.1, 0.9)
4490 (-0.2, -1.1, 0.9)
4491 (-0.2, -1.1, 0.9)
4492 (-0.2, -1.1, 0.9)
4493 (-0.2, -1.1, 0.9)
4494 (-0.2, -1.1, 0.9)
4495 (-0.2, -1.1, 0.9)
4496 (-0.2, -1.1, 0.9)
4497 (-0.2, -1.1, 0.9)
4498 (-0.2, -1.1, 0.9)
4499 (-0.2, -1.1, 0.9)
4500 (-0.2, -1.1, 0.9)
4501 (-0.2, -1.1, 0.9)
4502 (-0.2, -1.1, 0.9)
4503 (-0.2, -1.1, 0.9)
4504 (-0.2, -1.1, 0.9)
4505 (-0.2, -1.1, 0.9)
4506 (-0.2, -1.1, 0.9)
4507 (-0.2, -1.1, 0.9)
4508 (-0.2, -1.1, 0.9)
4509 (-0.2, -1.1, 0.9)
4510 (-0.2, -1.1, 0.9)
4511 (-0.2, -1.1, 0.9)
4512 (-0.2, -1.1, 0.9)
4513 (-0.2, -1.1, 0.9)
4514 (-0.2, -1.1, 0.9)
4515 (-0.2, -1.1, 0.9)
4516 (-0.2, -1.1, 0.9)
4517 (-0.2, -1.1, 0.9)
4518 (-0.2, -1.1, 0.9)
4519 (-0.2, -1.1, 0.9)
4520 (-0.2, -1.1, 0.9)
4521 (-0.2, -1.1, 0.9)
4522 (-0.2, -1.1, 0.9)
4523 (-0.2, -1.1, 0.9)
4524 (-0.2, -1.1, 0.9)
4525 (-0.2, -1.1, 0.9)
4526 (-0.2, -1.1, 0.9)
4527 (-0.2, -1.1, 0.9)
4528 (-0.2, -1.1, 0.9)
4529 (-0.2, -1.1, 0.9)
4530 (-0.2, -1.1, 0.9)
4531 (-0.2, -1.1, 0.9)
4532 (-0.2, -1.1, 0.9)
4533 (-0.2, -1.1, 0.9)
4534 (-0.2, -1.1, 0.9)
4535 (-0.2, -1.1, 0.9)
4536 (-0.2, -1.1, 0.9)
4537 (-0.2, -1.1, 0.9)
4538 (-0.2, -1.1, 0.9)
4539 (-0.2, -1.1, 0.9)
4540 (-0.2, -1.1, 0.9)
4541 (-0.2, -1.1, 0.9)
4542 (-0.2, -1.1, 0.9)
4543 (-0.2, -1.1, 0.9)
4544 (-0.2, -1.1, 0.9)
4545 (-0.2, -1.1, 0.9)
4546 (-0.2, -1.1, 0.9)
4547 (-0.2, -1.1, 0.9)
4548 (-0.2, -1.1, 0.9)
4549 (-0.2, -1.1, 0.9)
4550 (-0.2, -1.1, 0.9)
4551 (-0.2, -1.1, 0.9)
4552 (-0.2, -1.1, 0.9)
4553 (-0.2, -1.1, 0.9)
4554 (-0.2, -1.1, 0.9)
4555 (-0.2, -1.1, 0.9)
4556 (-0.2, -1.1, 0.9)
4557 (-0.2, -1.1, 0.9)
4558 (-0.2, -1.1, 0.9)
4559 (-0.2, -1.1, 0.9)
4560 (-0.2, -1.1, 0.9)
4561 (-0.2, -1.1, 0.9)
4562 (-0.2, -1.1, 0.9)
4563 (-0.2, -1.1, 0.9)
4564 (-0.2, -1.1, 0.9)
4565 (-0.2, -1.1, 0.9)
4566 (-0.2, -1.1, 0.9)
4567 (-0.2, -1.1, 0.9)
4568 (-0.2, -1.1, 0.9)
4569 (-0.2, -1.1, 0.9)
4570 (-0.2, -1.1, 0.9)
4571 (-0.2, -1.0, 0.9)
4572 (-0.2, -1.0, 0.9)
4573 (-0.2, -1.0, 0.9)
4574 (-0.2, -1.0, 0.9)
4575 (-0.2, -1.0, 0.9)
4576 (-0.2, -1.0, 0.9)
4577 (-0.1, -1.0, 0.9)
4578 (-0.1, -1.0, 0.9)
4579 (-0.1, -1.0, 0.9)
4580 (-0.1, -1.0, 0.9)
4581 (-0.1, -1.0, 0.9)
4582 (-0.1, -1.0, 0.9)
4583 (-0.1, -1.0, 0.9)
4584 (-0.1, -1.0, 0.9)
4585 (-0.1, -1.0, 0.9)
4586 (-0.1, -1.0, 0.9)
4587 (-0.1, -1.0, 0.9)
4588 (-0.1, -1.0, 0.9)
4589 (-0.1, -1.0, 0.9)
4590 (-0.1, -1.0, 0.9)
4591 (-0.1, -1.0, 0.9)
4592 (-0.1, -1.0, 0.9)
4593 (-0.1, -1.0, 0.9)
4594 (-0.1, -1.0, 0.9)
4595 (-0.1, -1.0, 0.9)
4596 (-0.1, -1.0, 0.9)
4597 (-0.1, -1.0, 0.9)
4598 (-0.1, -1.0, 0.9)
4599 (-0.1, -1.0, 0.9)
4600 (-0.1, -1.0, 0.9)
4601 (-0.1, -1.0, 0.9)
4602 (-0.1, -1.0, 0.9)
4603 (-0.1, -1.0, 0.9)
4604 (-0.1, -1.0, 0.9)
4605 (-0.1, -1.0, 0.9)
4606 (-0.1, -1.0, 0.9)
4607 (-0.1, -1.0, 0.9)
4608 (-0.1, -1.0, 0.9)
4609 (-0.1, -1.0, 0.9)
4610 (-0.1, -1.0, 0.9)
4611 (-0.1, -1.0, 0.9)
4612 (-0.1, -1.0, 0.9)
4613 (-0.1, -1.0, 0.9)
4614 (-0.1, -1.0, 0.9)
4615 (-0.1, -1.0, 0.9)
4616 (-0.1, -1.0, 0.9)
4617 (-0.1, -1.0, 0.9)
4618 (-0.1, -1.0, 0.9)
4619 (-0.1, -1.0, 0.9)
4620 (-0.1, -1.0, 0.9)
4621 (-0.1, -1.0, 0.9)
4622 (-0.1, -1.0, 0.9)
4623 (-0.1, -1.0, 0.9)
4624 (-0.1, -1.0, 0.9)
4625 (-0.1, -1.0, 0.9)
4626 (-0.1, -1.0, 0.9)
4627 (-0.1, -1.0, 0.9)
4628 (-0.1, -1.0, 0.9)
4629 (-0.1, -1.0, 0.9)
4630 (-0.1, -1.0, 0.9)
4631 (-0.1, -1.0, 0.9)
4632 (-0.1, -1.0, 0.9)
4633 (-0.1, -1.0, 0.9)
4634 (-0.1, -1.0, 0.9)
4635 (-0.1, -1.0, 0.9)
4636 (-0.1, -1.0, 0.9)
4637 (-0.1, -1.0, 0.9)
4638 (-0.1, -1.0, 0.9)
4639 (-0.1, -1.0, 0.9)
4640 (-0.1, -1.0, 0.9)
4641 (-0.1, -1.0, 0.9)
4642 (-0.2, -1.0, 0.9)
4643 (-0.2, -1.0, 0.9)
4644 (-0.2, -1.0, 0.9)
4645 (-0.2, -1.0, 0.9)
4646 (-0.2, -1.0, 0.9)
4647 (-0.2, -1.0, 0.9)
4648 (-0.2, -1.0, 0.9)
4649 (-0.2, -1.0, 0.9)
4650 (-0.2, -1.0, 0.9)
4651 (-0.2, -1.0, 0.9)
4652 (-0.1, -1.0, 0.9)
4653 (-0.2, -1.0, 0.9)
4654 (-0.2, -1.0, 0.9)
4655 (-0.2, -1.0, 0.9)
4656 (-0.2, -1.0, 0.9)
4657 (-0.2, -1.0, 0.9)
4658 (-0.2, -1.0, 0.9)
4659 (-0.2, -1.0, 0.9)
4660 (-0.2, -1.0, 0.9)
4661 (-0.2, -1.0, 0.9)
4662 (-0.2, -1.0, 0.9)
4663 (-0.2, -1.0, 0.9)
4664 (-0.2, -1.0, 0.9)
4665 (-0.2, -1.0, 0.9)
4666 (-0.2, -1.0, 0.9)
4667 (-0.2, -1.0, 0.9)
4668 (-0.2, -1.0, 0.9)
4669 (-0.2, -1.0, 0.9)
4670 (-0.2, -1.0, 0.9)
4671 (-0.2, -1.0, 0.9)
4672 (-0.2, -1.0, 0.9)
4673 (-0.2, -1.0, 0.9)
4674 (-0.2, -1.0, 0.9)
4675 (-0.2, -1.0, 0.9)
4676 (-0.2, -1.0, 0.9)
4677 (-0.2, -1.0, 0.9)
4678 (-0.2, -1.0, 0.9)
4679 (-0.2, -1.0, 0.9)
4680 (-0.2, -1.0, 0.9)
4681 (-0.2, -1.0, 0.9)
4682 (-0.2, -1.0, 0.9)
4683 (-0.2, -1.0, 0.9)
4684 (-0.2, -1.0, 0.9)
4685 (-0.2, -1.0, 0.9)
4686 (-0.2, -1.0, 0.9)
4687 (-0.2, -1.0, 0.9)
4688 (-0.2, -1.0, 0.9)
4689 (-0.2, -1.0, 0.9)
4690 (-0.2, -1.0, 0.9)
4691 (-0.2, -1.0, 0.9)
4692 (-0.2, -1.0, 0.9)
4693 (-0.2, -1.0, 0.9)
4694 (-0.2, -1.0, 0.9)
4695 (-0.2, -1.0, 0.9)
4696 (-0.2, -1.0, 0.9)
4697 (-0.2, -1.0, 0.9)
4698 (-0.2, -1.0, 0.9)
4699 (-0.2, -1.0, 0.9)
4700 (-0.2, -1.0, 0.9)
4701 (-0.2, -1.0, 0.9)
4702 (-0.1, -1.0, 0.9)
4703 (-0.1, -1.0, 0.9)
4704 (-0.1, -1.0, 0.9)
4705 (-0.1, -1.0, 0.9)
4706 (-0.1, -1.0, 0.9)
4707 (-0.1, -1.0, 0.9)
4708 (-0.1, -1.0, 0.9)
4709 (-0.1, -1.0, 0.9)
4710 (-0.1, -1.0, 0.9)
4711 (-0.1, -1.0, 0.9)
4712 (-0.1, -1.0, 0.9)
4713 (-0.1, -1.0, 0.9)
4714 (-0.1, -1.0, 0.8)
4715 (-0.1, -1.0, 0.8)
4716 (-0.1, -1.0, 0.8)
4717 (-0.1, -1.0, 0.8)
4718 (-0.1, -1.0, 0.8)
4719 (-0.1, -1.0, 0.8)
4720 (-0.1, -1.0, 0.8)
4721 (-0.1, -1.0, 0.8)
4722 (-0.1, -1.0, 0.8)
4723 (-0.1, -1.0, 0.8)
4724 (-0.1, -1.0, 0.8)
4725 (-0.1, -1.0, 0.8)
4726 (-0.1, -1.0, 0.8)
4727 (-0.1, -1.0, 0.8)
4728 (-0.1, -1.0, 0.8)
4729 (-0.1, -1.0, 0.8)
4730 (-0.1, -1.0, 0.8)
4731 (-0.1, -1.0, 0.8)
4732 (-0.1, -1.0, 0.8)
4733 (-0.1, -1.0, 0.8)
4734 (-0.1, -1.0, 0.8)
4735 (-0.1, -1.0, 0.8)
4736 (-0.1, -1.0, 0.8)
4737 (-0.1, -1.0, 0.8)
4738 (-0.1, -1.0, 0.8)
4739 (-0.1, -1.0, 0.8)
4740 (-0.1, -1.0, 0.8)
4741 (-0.1, -1.0, 0.8)
4742 (-0.1, -1.0, 0.8)
4743 (-0.1, -1.0, 0.8)
4744 (-0.1, -1.0, 0.8)
4745 (-0.1, -1.0, 0.8)
4746 (-0.1, -1.0, 0.8)
4747 (-0.1, -1.0, 0.8)
4748 (-0.1, -1.0, 0.8)
4749 (-0.1, -1.0, 0.8)
4750 (-0.1, -1.0, 0.8)
4751 (-0.1, -1.0, 0.8)
4752 (-0.1, -1.0, 0.8)
4753 (-0.1, -0.9, 0.8)
4754 (-0.1, -0.9, 0.8)
4755 (-0.1, -0.9, 0.8)
4756 (-0.1, -0.9, 0.8)
4757 (-0.1, -0.9, 0.8)
4758 (-0.1, -0.9, 0.8)
4759 (-0.1, -0.9, 0.8)
4760 (-0.1, -0.9, 0.8)
4761 (-0.1, -0.9, 0.8)
4762 (-0.1, -0.9, 0.8)
4763 (-0.1, -0.9, 0.8)
4764 (-0.1, -0.9, 0.8)
4765 (-0.1, -0.9, 0.8)
4766 (-0.1, -0.9, 0.8)
4767 (-0.2, -0.9, 0.8)
4768 (-0.2, -0.9, 0.8)
4769 (-0.2, -0.9, 0.8)
4770 (-0.2, -0.9, 0.8)
4771 (-0.2, -0.9, 0.8)
4772 (-0.2, -0.9, 0.8)
4773 (-0.2, -0.9, 0.8)
4774 (-0.2, -0.9, 0.8)
4775 (-0.2, -0.9, 0.8)
4776 (-0.2, -0.9, 0.8)
4777 (-0.2, -0.9, 0.8)
4778 (-0.2, -0.9, 0.8)
4779 (-0.2, -0.9, 0.8)
4780 (-0.2, -0.9, 0.8)
4781 (-0.2, -0.9, 0.8)
4782 (-0.2, -0.9, 0.8)
4783 (-0.2, -0.9, 0.8)
4784 (-0.2, -0.9, 0.8)
4785 (-0.2, -0.9, 0.8)
4786 (-0.2, -0.9, 0.8)
4787 (-0.2, -0.9, 0.8)
4788 (-0.2, -0.9, 0.8)
4789 (-0.2, -0.9, 0.8)
4790 (-0.2, -0.9, 0.8)
4791 (-0.2, -0.9, 0.8)
4792 (-0.2, -0.9, 0.8)
4793 (-0.2, -0.9, 0.8)
4794 (-0.2, -0.9, 0.8)
4795 (-0.2, -0.9, 0.8)
4796 (-0.2, -0.9, 0.8)
4797 (-0.2, -0.9, 0.8)
4798 (-0.2, -0.9, 0.8)
4799 (-0.2, -0.9, 0.8)
4800 (-0.2, -0.9, 0.8)
4801 (-0.2, -0.9, 0.8)
4802 (-0.2, -0.9, 0.8)
4803 (-0.2, -0.9, 0.8)
4804 (-0.2, -0.9, 0.8)
4805 (-0.2, -0.9, 0.8)
4806 (-0.2, -0.9, 0.8)
4807 (-0.2, -0.9, 0.8)
4808 (-0.2, -0.9, 0.8)
4809 (-0.2, -0.9, 0.8)
4810 (-0.3, -0.9, 0.8)
4811 (-0.3, -0.9, 0.8)
4812 (-0.3, -0.9, 0.8)
4813 (-0.3, -0.9, 0.8)
4814 (-0.3, -0.9, 0.8)
4815 (-0.3, -0.9, 0.8)
4816 (-0.3, -0.9, 0.8)
4817 (-0.3, -0.9, 0.8)
4818 (-0.3, -0.9, 0.8)
4819 (-0.3, -0.9, 0.8)
4820 (-0.3, -0.9, 0.8)
4821 (-0.3, -0.9, 0.8)
4822 (-0.3, -0.9, 0.8)
4823 (-0.3, -0.9, 0.8)
4824 (-0.3, -0.9, 0.8)
4825 (-0.3, -0.9, 0.8)
4826 (-0.3, -0.9, 0.8)
4827 (-0.3, -0.9, 0.8)
4828 (-0.3, -0.9, 0.8)
4829 (-0.3, -0.9, 0.7)
4830 (-0.3, -0.9, 0.7)
4831 (-0.3, -0.9, 0.7)
4832 (-0.3, -0.9, 0.7)
4833 (-0.3, -0.9, 0.7)
4834 (-0.3, -0.9, 0.7)
4835 (-0.3, -0.9, 0.7)
4836 (-0.3, -0.9, 0.7)
4837 (-0.3, -0.9, 0.7)
4838 (-0.3, -0.8, 0.7)
4839 (-0.3, -0.8, 0.7)
4840 (-0.3, -0.8, 0.7)
4841 (-0.3, -0.8, 0.7)
4842 (-0.3, -0.8, 0.7)
4843 (-0.3, -0.8, 0.7)
4844 (-0.3, -0.8, 0.7)
4845 (-0.3, -0.8, 0.7)
4846 (-0.3, -0.8, 0.7)
4847 (-0.3, -0.8, 0.7)
4848 (-0.3, -0.8, 0.7)
4849 (-0.3, -0.8, 0.7)
4850 (-0.3, -0.8, 0.7)
4851 (-0.3, -0.8, 0.7)
4852 (-0.3, -0.8, 0.7)
4853 (-0.3, -0.8, 0.7)
4854 (-0.3, -0.8, 0.7)
4855 (-0.3, -0.8, 0.7)
4856 (-0.2, -0.8, 0.7)
4857 (-0.2, -0.8, 0.7)
4858 (-0.2, -0.8, 0.7)
4859 (-0.2, -0.8, 0.7)
4860 (-0.2, -0.8, 0.7)
4861 (-0.2, -0.8, 0.7)
4862 (-0.2, -0.8, 0.7)
4863 (-0.2, -0.8, 0.7)
4864 (-0.2, -0.8, 0.7)
4865 (-0.2, -0.8, 0.7)
4866 (-0.2, -0.8, 0.7)
4867 (-0.2, -0.8, 0.7)
4868 (-0.2, -0.8, 0.7)
4869 (-0.2, -0.8, 0.7)
4870 (-0.2, -0.8, 0.7)
4871 (-0.2, -0.8, 0.7)
4872 (-0.2, -0.8, 0.7)
4873 (-0.2, -0.8, 0.7)
4874 (-0.2, -0.8, 0.7)
4875 (-0.2, -0.8, 0.7)
4876 (-0.2, -0.8, 0.7)
4877 (-0.2, -0.8, 0.7)
4878 (-0.2, -0.8, 0.7)
4879 (-0.2, -0.7, 0.7)
4880 (-0.2, -0.7, 0.7)
4881 (-0.2, -0.7, 0.7)
4882 (-0.2, -0.7, 0.7)
4883 (-0.2, -0.7, 0.7)
4884 (-0.2, -0.7, 0.7)
4885 (-0.2, -0.7, 0.7)
4886 (-0.2, -0.7, 0.7)
4887 (-0.2, -0.7, 0.6)
4888 (-0.2, -0.7, 0.6)
4889 (-0.2, -0.7, 0.6)
4890 (-0.3, -0.7, 0.6)
4891 (-0.3, -0.7, 0.6)
4892 (-0.3, -0.7, 0.6)
4893 (-0.3, -0.7, 0.6)
4894 (-0.3, -0.7, 0.6)
4895 (-0.3, -0.7, 0.6)
4896 (-0.3, -0.7, 0.6)
4897 (-0.3, -0.7, 0.6)
4898 (-0.3, -0.7, 0.6)
4899 (-0.3, -0.7, 0.6)
4900 (-0.3, -0.7, 0.6)
4901 (-0.3, -0.7, 0.6)
4902 (-0.3, -0.7, 0.6)
4903 (-0.3, -0.7, 0.6)
4904 (-0.3, -0.7, 0.6)
4905 (-0.3, -0.7, 0.6)
4906 (-0.3, -0.7, 0.6)
4907 (-0.3, -0.7, 0.6)
4908 (-0.3, -0.7, 0.6)
4909 (-0.3, -0.7, 0.6)
4910 (-0.3, -0.7, 0.6)
4911 (-0.3, -0.7, 0.6)
4912 (-0.3, -0.7, 0.6)
4913 (-0.3, -0.7, 0.6)
4914 (-0.3, -0.7, 0.6)
4915 (-0.3, -0.7, 0.6)
4916 (-0.3, -0.7, 0.6)
4917 (-0.3, -0.7, 0.6)
4918 (-0.3, -0.7, 0.6)
4919 (-0.3, -0.7, 0.6)
4920 (-0.3, -0.7, 0.6)
4921 (-0.3, -0.7, 0.6)
4922 (-0.3, -0.7, 0.6)
4923 (-0.3, -0.7, 0.6)
4924 (-0.3, -0.7, 0.6)
4925 (-0.3, -0.6, 0.6)
4926 (-0.3, -0.6, 0.6)
4927 (-0.3, -0.6, 0.6)
4928 (-0.3, -0.6, 0.6)
4929 (-0.3, -0.6, 0.6)
4930 (-0.3, -0.6, 0.6)
4931 (-0.3, -0.6, 0.6)
4932 (-0.3, -0.6, 0.6)
4933 (-0.3, -0.6, 0.6)
4934 (-0.3, -0.6, 0.6)
4935 (-0.3, -0.6, 0.6)
4936 (-0.3, -0.6, 0.6)
4937 (-0.3, -0.6, 0.6)
4938 (-0.3, -0.6, 0.6)
4939 (-0.3, -0.6, 0.6)
4940 (-0.3, -0.6, 0.6)
4941 (-0.3, -0.6, 0.6)
4942 (-0.3, -0.6, 0.6)
4943 (-0.3, -0.6, 0.5)
4944 (-0.3, -0.6, 0.5)
4945 (-0.3, -0.6, 0.5)
4946 (-0.3, -0.6, 0.5)
4947 (-0.3, -0.6, 0.5)
4948 (-0.3, -0.6, 0.5)
4949 (-0.3, -0.6, 0.5)
4950 (-0.3, -0.6, 0.5)
4951 (-0.3, -0.6, 0.5)
4952 (-0.3, -0.6, 0.5)
4953 (-0.3, -0.6, 0.5)
4954 (-0.3, -0.6, 0.5)
4955 (-0.3, -0.6, 0.5)
4956 (-0.3, -0.6, 0.5)
4957 (-0.3, -0.6, 0.5)
4958 (-0.3, -0.5, 0.5)
4959 (-0.3, -0.5, 0.5)
4960 (-0.3, -0.5, 0.5)
4961 (-0.3, -0.5, 0.5)
4962 (-0.3, -0.5, 0.5)
4963 (-0.3, -0.5, 0.5)
4964 (-0.3, -0.5, 0.5)
4965 (-0.3, -0.5, 0.5)
4966 (-0.3, -0.5, 0.5)
4967 (-0.3, -0.5, 0.5)
4968 (-0.3, -0.5, 0.5)
4969 (-0.3, -0.5, 0.5)
4970 (-0.3, -0.5, 0.5)
4971 (-0.3, -0.5, 0.5)
4972 (-0.3, -0.5, 0.5)
4973 (-0.3, -0.5, 0.5)
4974 (-0.3, -0.5, 0.5)
4975 (-0.3, -0.5, 0.5)
4976 (-0.3, -0.5, 0.5)
4977 (-0.3, -0.5, 0.5)
4978 (-0.3, -0.5, 0.5)
4979 (-0.3, -0.5, 0.5)
4980 (-0.3, -0.5, 0.5)
4981 (-0.3, -0.5, 0.5)
4982 (-0.3, -0.5, 0.5)
4983 (-0.3, -0.5, 0.5)
4984 (-0.3, -0.5, 0.5)
4985 (-0.3, -0.5, 0.5)
4986 (-0.3, -0.5, 0.4)
4987 (-0.3, -0.5, 0.4)
4988 (-0.3, -0.5, 0.4)
4989 (-0.3, -0.5, 0.4)
4990 (-0.3, -0.5, 0.4)
4991 (-0.3, -0.5, 0.4)
4992 (-0.3, -0.5, 0.4)
4993 (-0.3, -0.5, 0.4)
4994 (-0.3, -0.5, 0.4)
4995 (-0.3, -0.5, 0.4)
4996 (-0.3, -0.5, 0.4)
4997 (-0.3, -0.5, 0.4)
4998 (-0.3, -0.4, 0.4)
4999 (-0.3, -0.4, 0.4)
5000 (-0.3, -0.4, 0.4)
5001 (-0.3, -0.4, 0.4)
5002 (-0.3, -0.4, 0.4)
5003 (-0.3, -0.4, 0.4)
5004 (-0.3, -0.4, 0.4)
5005 (-0.3, -0.4, 0.4)
5006 (-0.3, -0.4, 0.4)
5007 (-0.3, -0.4, 0.4)
5008 (-0.3, -0.4, 0.4)
5009 (-0.3, -0.4, 0.4)
5010 (-0.3, -0.4, 0.4)
5011 (-0.3, -0.4, 0.4)
5012 (-0.3, -0.4, 0.4)
5013 (-0.3, -0.4, 0.4)
5014 (-0.3, -0.4, 0.4)
5015 (-0.3, -0.4, 0.4)
5016 (-0.3, -0.4, 0.4)
5017 (-0.3, -0.4, 0.4)
5018 (-0.3, -0.4, 0.4)
5019 (-0.3, -0.4, 0.4)
5020 (-0.3, -0.4, 0.4)
5021 (-0.3, -0.4, 0.4)
5022 (-0.3, -0.4, 0.4)
5023 (-0.3, -0.4, 0.4)
5024 (-0.3, -0.4, 0.4)
5025 (-0.3, -0.4, 0.4)
5026 (-0.3, -0.4, 0.4)
5027 (-0.3, -0.4, 0.4)
5028 (-0.3, -0.4, 0.4)
5029 (-0.3, -0.4, 0.4)
5030 (-0.3, -0.4, 0.4)
5031 (-0.3, -0.4, 0.4)
5032 (-0.4, -0.4, 0.4)
5033 (-0.4, -0.4, 0.3)
5034 (-0.4, -0.4, 0.3)
5035 (-0.4, -0.4, 0.3)
5036 (-0.4, -0.4, 0.3)
5037 (-0.4, -0.4, 0.3)
5038 (-0.4, -0.4, 0.3)
5039 (-0.4, -0.4, 0.3)
5040 (-0.4, -0.3, 0.3)
5041 (-0.4, -0.3, 0.3)
5042 (-0.4, -0.3, 0.3)
5043 (-0.4, -0.3, 0.3)
5044 (-0.4, -0.3, 0.3)
5045 (-0.4, -0.3, 0.3)
5046 (-0.4, -0.3, 0.3)
5047 (-0.4, -0.3, 0.3)
5048 (-0.4, -0.3, 0.3)
5049 (-0.4, -0.3, 0.3)
5050 (-0.4, -0.3, 0.3)
5051 (-0.4, -0.3, 0.3)
5052 (-0.4, -0.3, 0.3)
5053 (-0.4, -0.3, 0.3)
5054 (-0.4, -0.3, 0.3)
5055 (-0.4, -0.3, 0.3)
5056 (-0.4, -0.3, 0.3)
5057 (-0.4, -0.3, 0.3)
5058 (-0.4, -0.3, 0.3)
5059 (-0.4, -0.3, 0.3)
5060 (-0.4, -0.3, 0.3)
5061 (-0.4, -0.3, 0.3)
5062 (-0.4, -0.3, 0.3)
5063 (-0.4, -0.3, 0.3)
5064 (-0.4, -0.3, 0.3)
5065 (-0.4, -0.3, 0.3)
5066 (-0.4, -0.3, 0.3)
5067 (-0.4, -0.3, 0.3)
5068 (-0.4, -0.3, 0.3)
5069 (-0.4, -0.3, 0.3)
5070 (-0.4, -0.3, 0.3)
5071 (-0.4, -0.3, 0.3)
5072 (-0.4, -0.3, 0.3)
5073 (-0.4, -0.3, 0.3)
5074 (-0.4, -0.2, 0.3)
5075 (-0.4, -0.2, 0.3)
5076 (-0.4, -0.2, 0.3)
5077 (-0.4, -0.2, 0.3)
5078 (-0.4, -0.2, 0.3)
5079 (-0.4, -0.2, 0.3)
5080 (-0.4, -0.2, 0.3)
5081 (-0.4, -0.2, 0.3)
5082 (-0.4, -0.2, 0.3)
5083 (-0.4, -0.2, 0.3)
5084 (-0.4, -0.2, 0.2)
5085 (-0.4, -0.2, 0.2)
5086 (-0.4, -0.2, 0.2)
5087 (-0.4, -0.2, 0.2)
5088 (-0.4, -0.2, 0.2)
5089 (-0.4, -0.2, 0.2)
5090 (-0.4, -0.2, 0.2)
5091 (-0.4, -0.2, 0.2)
5092 (-0.3, -0.2, 0.2)
5093 (-0.3, -0.2, 0.2)
5094 (-0.3, -0.2, 0.2)
5095 (-0.3, -0.2, 0.2)
5096 (-0.3, -0.2, 0.2)
5097 (-0.3, -0.2, 0.2)
5098 (-0.3, -0.2, 0.2)
5099 (-0.3, -0.2, 0.2)
5100 (-0.3, -0.2, 0.2)
5101 (-0.3, -0.2, 0.2)
5102 (-0.3, -0.2, 0.2)
5103 (-0.3, -0.2, 0.2)
5104 (-0.3, -0.2, 0.2)
5105 (-0.3, -0.2, 0.2)
5106 (-0.3, -0.2, 0.2)
5107 (-0.3, -0.2, 0.2)
5108 (-0.3, -0.2, 0.2)
5109 (-0.3, -0.2, 0.2)
5110 (-0.3, -0.2, 0.2)
5111 (-0.3, -0.2, 0.2)
5112 (-0.3, -0.2, 0.2)
5113 (-0.3, -0.2, 0.2)
5114 (-0.3, -0.2, 0.2)
5115 (-0.3, -0.2, 0.2)
5116 (-0.3, -0.2, 0.2)
5117 (-0.3, -0.2, 0.2)
5118 (-0.3, -0.2, 0.2)
5119 (-0.3, -0.2, 0.2)
5120 (-0.3, -0.1, 0.2)
5121 (-0.3, -0.1, 0.2)
5122 (-0.3, -0.1, 0.2)
5123 (-0.3, -0.1, 0.2)
5124 (-0.3, -0.1, 0.2)
5125 (-0.3, -0.1, 0.2)
5126 (-0.3, -0.1, 0.2)
5127 (-0.3, -0.1, 0.2)
5128 (-0.3, -0.1, 0.2)
5129 (-0.3, -0.1, 0.2)
5130 (-0.3, -0.1, 0.2)
5131 (-0.4, -0.1, 0.2)
5132 (-0.4, -0.1, 0.2)
5133 (-0.4, -0.1, 0.2)
5134 (-0.4, -0.1, 0.2)
5135 (-0.4, -0.1, 0.2)
5136 (-0.4, -0.1, 0.2)
5137 (-0.4, -0.1, 0.2)
5138 (-0.4, -0.1, 0.2)
5139 (-0.4, -0.1, 0.2)
5140 (-0.4, -0.1, 0.2)
5141 (-0.4, -0.1, 0.2)
5142 (-0.4, -0.1, 0.2)
5143 (-0.4, -0.1, 0.2)
5144 (-0.4, -0.1, 0.2)
5145 (-0.4, -0.1, 0.2)
5146 (-0.4, -0.1, 0.1)
5147 (-0.4, -0.1, 0.1)
5148 (-0.4, -0.1, 0.1)
5149 (-0.4, -0.1, 0.1)
5150 (-0.4, -0.1, 0.1)
5151 (-0.4, -0.1, 0.1)
5152 (-0.4, -0.1, 0.1)
5153 (-0.4, -0.1, 0.1)
5154 (-0.4, -0.1, 0.1)
5155 (-0.4, -0.1, 0.1)
5156 (-0.4, -0.1, 0.1)
5157 (-0.4, -0.1, 0.1)
5158 (-0.4, -0.1, 0.1)
5159 (-0.4, -0.1, 0.1)
5160 (-0.4, -0.1, 0.1)
5161 (-0.4, -0.1, 0.1)
5162 (-0.4, -0.1, 0.1)
5163 (-0.4, -0.1, 0.1)
5164 (-0.4, -0.1, 0.1)
5165 (-0.4, -0.1, 0.1)
5166 (-0.4, -0.1, 0.1)
5167 (-0.4, 0.0, 0.1)
5168 (-0.4, 0.0, 0.1)
5169 (-0.4, 0.0, 0.1)
5170 (-0.4, 0.0, 0.1)
5171 (-0.4, 0.0, 0.1)
5172 (-0.4, 0.0, 0.1)
5173 (-0.4, 0.0, 0.1)
5174 (-0.4, 0.0, 0.1)
5175 (-0.4, 0.0, 0.1)
5176 (-0.4, 0.0, 0.1)
5177 (-0.4, 0.0, 0.1)
5178 (-0.4, 0.0, 0.1)
5179 (-0.4, 0.0, 0.1)
5180 (-0.4, 0.0, 0.1)
5181 (-0.4, 0.0, 0.1)
5182 (-0.4, 0.0, 0.1)
5183 (-0.4, 0.0, 0.1)
5184 (-0.4, 0.0, 0.1)
5185 (-0.4, 0.0, 0.1)
5186 (-0.4, 0.0, 0.1)
5187 (-0.4, 0.0, 0.1)
5188 (-0.4, 0.0, 0.1)
5189 (-0.4, 0.0, 0.1)
5190 (-0.4, 0.0, 0.1)
5191 (-0.4, 0.0, 0.1)
5192 (-0.4, 0.0, 0.1)
5193 (-0.4, 0.0, 0.1)
5194 (-0.4, 0.0, 0.1)
5195 (-0.4, 0.0, 0.1)
5196 (-0.4, 0.0, 0.1)
5197 (-0.4, 0.0, 0.1)
5198 (-0.4, 0.0, 0.1)
5199 (-0.4, 0.0, 0.1)
5200 (-0.4, 0.0, 0.1)
5201 (-0.4, 0.0, 0.1)
5202 (-0.4, 0.0, 0.1)
5203 (-0.4, 0.0, 0.1)
5204 (-0.4, 0.0, 0.1)
5205 (-0.4, 0.0, 0.1)
5206 (-0.4, 0.0, 0.1)
5207 (-0.4, 0.0, 0.1)
5208 (-0.4, 0.0, 0.1)
5209 (-0.4, 0.0, 0.1)
5210 (-0.4, 0.0, 0.1)
5211 (-0.4, 0.0, 0.1)
5212 (-0.4, 0.0, 0.1)
5213 (-0.4, 0.0, 0.1)
5214 (-0.4, 0.0, 0.1)
5215 (-0.4, 0.0, 0.1)
5216 (-0.4, 0.0, 0.1)
5217 (-0.4, 0.1, 0.1)
5218 (-0.4, 0.1, 0.1)
5219 (-0.4, 0.1, 0.1)
5220 (-0.3, 0.1, 0.1)
5221 (-0.3, 0.1, 0.1)
5222 (-0.3, 0.1, 0.1)
5223 (-0.3, 0.1, 0.1)
5224 (-0.3, 0.1, 0.1)
5225 (-0.3, 0.1, 0.1)
5226 (-0.3, 0.1, 0.1)
5227 (-0.3, 0.1, 0.1)
5228 (-0.3, 0.1, 0.0)
5229 (-0.3, 0.1, 0.0)
5230 (-0.3, 0.1, 0.0)
5231 (-0.3, 0.1, 0.0)
5232 (-0.3, 0.1, 0.0)
5233 (-0.3, 0.1, 0.0)
5234 (-0.3, 0.1, 0.0)
5235 (-0.3, 0.1, 0.0)
5236 (-0.3, 0.1, 0.0)
5237 (-0.3, 0.1, 0.0)
5238 (-0.3, 0.1, 0.0)
5239 (-0.3, 0.1, 0.0)
5240 (-0.3, 0.1, 0.0)
5241 (-0.3, 0.1, 0.0)
5242 (-0.3, 0.1, 0.0)
5243 (-0.3, 0.1, 0.0)
5244 (-0.3, 0.1, 0.0)
5245 (-0.3, 0.1, 0.0)
5246 (-0.3, 0.1, 0.0)
5247 (-0.3, 0.1, 0.0)
5248 (-0.3, 0.1, 0.0)
5249 (-0.3, 0.1, 0.0)
5250 (-0.3, 0.1, 0.0)
5251 (-0.3, 0.1, 0.0)
5252 (-0.3, 0.1, 0.0)
5253 (-0.3, 0.1, 0.0)
5254 (-0.3, 0.1, 0.0)
5255 (-0.3, 0.1, 0.0)
5256 (-0.3, 0.1, 0.0)
5257 (-0.3, 0.1, 0.0)
5258 (-0.3, 0.1, 0.0)
5259 (-0.3, 0.1, 0.0)
5260 (-0.3, 0.1, 0.0)
5261 (-0.3, 0.1, 0.0)
5262 (-0.3, 0.1, 0.0)
5263 (-0.3, 0.1, 0.0)
5264 (-0.3, 0.1, 0.0)
5265 (-0.3, 0.1, 0.0)
5266 (-0.3, 0.1, 0.0)
5267 (-0.3, 0.1, 0.0)
5268 (-0.3, 0.1, 0.0)
5269 (-0.3, 0.2, 0.0)
5270 (-0.3, 0.2, 0.0)
5271 (-0.3, 0.2, 0.0)
5272 (-0.3, 0.2, 0.0)
5273 (-0.3, 0.2, 0.0)
5274 (-0.3, 0.2, 0.0)
5275 (-0.3, 0.2, 0.0)
5276 (-0.3, 0.2, 0.0)
5277 (-0.3, 0.2, 0.0)
5278 (-0.3, 0.2, 0.0)
5279 (-0.3, 0.2, 0.0)
5280 (-0.3, 0.2, 0.0)
5281 (-0.3, 0.2, 0.0)
5282 (-0.3, 0.2, 0.0)
5283 (-0.3, 0.2, 0.0)
5284 (-0.3, 0.2, 0.0)
5285 (-0.3, 0.2, 0.0)
5286 (-0.3, 0.2, 0.0)
5287 (-0.3, 0.2, 0.0)
5288 (-0.3, 0.2, 0.0)
5289 (-0.3, 0.2, 0.0)
5290 (-0.3, 0.2, 0.0)
5291 (-0.3, 0.2, 0.0)
5292 (-0.3, 0.2, 0.0)
5293 (-0.3, 0.2, 0.0)
5294 (-0.3, 0.2, 0.0)
5295 (-0.3, 0.2, 0.0)
5296 (-0.3, 0.2, 0.0)
5297 (-0.3, 0.2, 0.0)
5298 (-0.3, 0.2, 0.0)
5299 (-0.3, 0.2, 0.0)
5300 (-0.3, 0.2, 0.0)
5301 (-0.3, 0.2, 0.0)
5302 (-0.3, 0.2, 0.0)
5303 (-0.3, 0.2, 0.0)
5304 (-0.3, 0.2, 0.0)
5305 (-0.3, 0.2, 0.0)
5306 (-0.3, 0.2, 0.0)
5307 (-0.3, 0.2, 0.0)
5308 (-0.3, 0.2, 0.0)
5309 (-0.3, 0.2, 0.0)
5310 (-0.3, 0.2, 0.0)
5311 (-0.3, 0.2, 0.0)
5312 (-0.3, 0.2, 0.0)
5313 (-0.3, 0.2, 0.0)
5314 (-0.3, 0.2, 0.0)
5315 (-0.3, 0.2, 0.0)
5316 (-0.3, 0.2, 0.0)
5317 (-0.3, 0.2, 0.0)
5318 (-0.3, 0.2, 0.0)
5319 (-0.3, 0.2, 0.0)
5320 (-0.3, 0.2, 0.0)
5321 (-0.3, 0.2, 0.0)
5322 (-0.3, 0.2, 0.0)
5323 (-0.3, 0.2, 0.0)
5324 (-0.3, 0.2, 0.0)
5325 (-0.3, 0.2, 0.0)
5326 (-0.3, 0.2, 0.0)
5327 (-0.2, 0.2, 0.0)
5328 (-0.2, 0.2, 0.0)
5329 (-0.2, 0.2, 0.0)
5330 (-0.2, 0.2, 0.0)
5331 (-0.2, 0.2, 0.0)
5332 (-0.2, 0.2, 0.0)
5333 (-0.2, 0.2, 0.0)
5334 (-0.2, 0.2, 0.0)
5335 (-0.2, 0.2, 0.0)
5336 (-0.2, 0.2, 0.0)
5337 (-0.2, 0.2, 0.0)
5338 (-0.2, 0.2, 0.0)
5339 (-0.2, 0.2, 0.0)
5340 (-0.2, 0.2, 0.0)
5341 (-0.2, 0.2, 0.0)
5342 (-0.2, 0.2, 0.0)
5343 (-0.2, 0.2, 0.0)
5344 (-0.2, 0.2, 0.0)
5345 (-0.2, 0.2, 0.0)
5346 (-0.2, 0.2, 0.0)
5347 (-0.2, 0.2, 0.0)
5348 (-0.2, 0.2, 0.0)
5349 (-0.2, 0.2, 0.0)
5350 (-0.2, 0.2, 0.0)
5351 (-0.2, 0.2, 0.0)
5352 (-0.2, 0.2, 0.0)
5353 (-0.2, 0.2, 0.0)
5354 (-0.2, 0.2, 0.0)
5355 (-0.2, 0.2, 0.0)
5356 (-0.2, 0.2, 0.0)
5357 (-0.2, 0.2, 0.0)
5358 (-0.2, 0.2, 0.0)
5359 (-0.2, 0.2, 0.0)
5360 (-0.2, 0.2, 0.0)
5361 (-0.2, 0.2, 0.0)
5362 (-0.2, 0.2, 0.0)
5363 (-0.1, 0.2, 0.0)
5364 (-0.1, 0.2, 0.0)
5365 (-0.1, 0.2, 0.0)
5366 (-0.1, 0.2, 0.0)
5367 (-0.1, 0.2, 0.0)
5368 (-0.1, 0.2, 0.0)
5369 (-0.1, 0.2, 0.0)
5370 (-0.1, 0.2, 0.0)
5371 (-0.1, 0.2, 0.0)
5372 (-0.1, 0.2, 0.0)
5373 (-0.1, 0.2, 0.0)
5374 (-0.1, 0.2, 0.0)
5375 (-0.1, 0.2, 0.0)
5376 (-0.1, 0.2, 0.0)
5377 (-0.1, 0.2, 0.0)
5378 (-0.1, 0.2, 0.0)
5379 (-0.1, 0.2, 0.0)
5380 (-0.1, 0.2, 0.0)
5381 (-0.1, 0.2, 0.0)
5382 (-0.1, 0.2, 0.0)
5383 (-0.1, 0.2, 0.0)
5384 (-0.1, 0.2, 0.0)
5385 (-0.1, 0.2, 0.0)
5386 (-0.1, 0.2, 0.0)
5387 (-0.1, 0.2, 0.0)
5388 (-0.1, 0.2, 0.0)
5389 (-0.1, 0.2, 0.0)
5390 (-0.1, 0.2, 0.0)
5391 (-0.1, 0.2, 0.0)
5392 (-0.1, 0.2, 0.0)
5393 (-0.1, 0.2, 0.0)
5394 (-0.1, 0.2, 0.0)
5395 (-0.1, 0.2, 0.0)
5396 (-0.1, 0.2, 0.0)
5397 (-0.1, 0.2, 0.0)
5398 (-0.1, 0.2, 0.0)
5399 (-0.1, 0.2, 0.0)
5400 (-0.1, 0.2, 0.0)
5401 (-0.1, 0.2, 0.0)
5402 (-0.1, 0.2, 0.0)
5403 (-0.1, 0.2, 0.0)
5404 (-0.1, 0.2, 0.0)
5405 (-0.1, 0.2, 0.0)
5406 (-0.1, 0.2, 0.0)
5407 (-0.1, 0.2, 0.0)
5408 (-0.1, 0.2, 0.0)
5409 (-0.1, 0.2, 0.0)
5410 (-0.1, 0.2, 0.0)
5411 (-0.1, 0.2, 0.0)
5412 (-0.1, 0.2, 0.0)
5413 (-0.1, 0.2, 0.0)
5414 (-0.1, 0.2, 0.0)
5415 (-0.1, 0.2, 0.0)
5416 (-0.1, 0.2, 0.0)
5417 (-0.1, 0.2, 0.0)
5418 (-0.1, 0.2, 0.0)
5419 (-0.1, 0.2, 0.0)
5420 (-0.1, 0.2, 0.0)
5421 (-0.1, 0.2, 0.0)
5422 (-0.1, 0.2, 0.0)
5423 (-0.1, 0.2, 0.0)
5424 (-0.1, 0.2, 0.0)
5425 (-0.1, 0.2, 0.0)
5426 (-0.1, 0.2, 0.0)
5427 (-0.1, 0.2, 0.0)
5428 (-0.1, 0.2, 0.0)
5429 (-0.1, 0.2, 0.0)
5430 (-0.1, 0.2, 0.0)
5431 (-0.1, 0.2, 0.0)
5432 (-0.1, 0.2, 0.0)
5433 (-0.1, 0.2, 0.0)
5434 (-0.1, 0.2, 0.0)
5435 (-0.1, 0.2, 0.0)
5436 (-0.1, 0.2, 0.0)
5437 (-0.1, 0.2, 0.0)
5438 (-0.1, 0.2, 0.0)
5439 (-0.1, 0.2, 0.0)
5440 (-0.1, 0.2, 0.0)
5441 (-0.1, 0.2, 0.0)
5442 (-0.1, 0.2, 0.0)
5443 (-0.1, 0.2, 0.0)
5444 (-0.1, 0.2, 0.0)
5445 (-0.1, 0.2, 0.0)
5446 (-0.1, 0.2, 0.0)
5447 (-0.1, 0.2, 0.0)
5448 (-0.1, 0.2, 0.0)
5449 (-0.1, 0.2, 0.0)
5450 (-0.1, 0.2, 0.0)
5451 (-0.1, 0.2, 0.0)
5452 (-0.1, 0.2, 0.0)
5453 (-0.1, 0.2, 0.0)
5454 (-0.1, 0.2, 0.0)
5455 (-0.1, 0.2, 0.0)
5456 (-0.1, 0.2, 0.0)
5457 (-0.1, 0.2, 0.0)
5458 (-0.1, 0.2, 0.0)
5459 (-0.1, 0.2, 0.0)
5460 (-0.1, 0.2, 0.0)
5461 (-0.1, 0.2, 0.0)
5462 (-0.1, 0.2, 0.0)
5463 (-0.1, 0.2, 0.0)
5464 (-0.1, 0.2, 0.0)
5465 (-0.1, 0.2, 0.0)
5466 (-0.1, 0.2, 0.0)
5467 (-0.1, 0.2, 0.0)
5468 (-0.1, 0.2, 0.0)
5469 (-0.1, 0.2, 0.0)
5470 (-0.1, 0.2, 0.0)
5471 (-0.1, 0.2, 0.0)
5472 (-0.1, 0.2, 0.0)
5473 (-0.1, 0.2, 0.0)
5474 (-0.1, 0.2, 0.0)
5475 (-0.1, 0.2, 0.0)
5476 (-0.1, 0.2, 0.0)
5477 (-0.1, 0.2, 0.0)
5478 (-0.1, 0.2, 0.0)
5479 (-0.1, 0.2, 0.0)
5480 (-0.1, 0.2, 0.0)
5481 (-0.1, 0.2, 0.0)
5482 (-0.1, 0.2, 0.0)
5483 (-0.1, 0.2, 0.0)
5484 (-0.1, 0.2, 0.0)
5485 (-0.1, 0.2, 0.0)
5486 (-0.1, 0.2, 0.0)
5487 (-0.1, 0.2, 0.0)
5488 (-0.1, 0.2, 0.0)
5489 (-0.1, 0.2, 0.0)
5490 (-0.1, 0.2, 0.0)
5491 (-0.1, 0.2, 0.0)
5492 (-0.1, 0.2, 0.0)
5493 (-0.1, 0.2, 0.0)
5494 (-0.1, 0.2, 0.0)
5495 (-0.1, 0.2, 0.0)
5496 (-0.1, 0.2, 0.0)
5497 (-0.1, 0.2, 0.0)
5498 (-0.1, 0.2, 0.0)
5499 (-0.1, 0.2, 0.0)
5500 (-0.1, 0.2, 0.0)
5501 (-0.1, 0.2, 0.0)
5502 (-0.1, 0.2, 0.0)
5503 (-0.1, 0.2, 0.0)
5504 (-0.1, 0.2, 0.0)
5505 (-0.1, 0.2, 0.0)
5506 (-0.1, 0.2, 0.0)
5507 (-0.1, 0.2, 0.0)
5508 (-0.1, 0.2, 0.0)
5509 (-0.1, 0.2, 0.0)
5510 (-0.1, 0.2, 0.0)
5511 (-0.1, 0.2, 0.0)
5512 (-0.1, 0.2, 0.0)
5513 (-0.1, 0.2, 0.0)
5514 (-0.1, 0.2, 0.0)
5515 (-0.1, 0.2, 0.0)
5516 (-0.1, 0.2, 0.0)
5517 (-0.1, 0.2, 0.0)
5518 (-0.1, 0.2, 0.0)
5519 (-0.1, 0.2, 0.0)
5520 (-0.1, 0.2, 0.0)
5521 (-0.1, 0.2, 0.0)
5522 (-0.1, 0.2, 0.0)
5523 (-0.1, 0.2, 0.0)
5524 (-0.1, 0.2, 0.0)
5525 (-0.1, 0.2, 0.1)
5526 (-0.1, 0.2, 0.1)
5527 (-0.1, 0.2, 0.1)
5528 (-0.1, 0.2, 0.1)
5529 (-0.1, 0.2, 0.1)
5530 (-0.1, 0.2, 0.1)
5531 (-0.1, 0.2, 0.1)
5532 (-0.1, 0.2, 0.1)
5533 (-0.1, 0.2, 0.1)
5534 (-0.1, 0.2, 0.1)
5535 (-0.1, 0.2, 0.1)
5536 (-0.1, 0.2, 0.1)
5537 (-0.1, 0.2, 0.1)
5538 (-0.1, 0.2, 0.1)
5539 (-0.1, 0.2, 0.1)
5540 (-0.1, 0.2, 0.1)
5541 (-0.1, 0.2, 0.1)
5542 (-0.1, 0.2, 0.1)
5543 (-0.1, 0.2, 0.1)
5544 (-0.1, 0.2, 0.1)
5545 (-0.1, 0.2, 0.1)
5546 (-0.1, 0.2, 0.1)
5547 (-0.1, 0.2, 0.1)
5548 (-0.1, 0.2, 0.1)
5549 (0.0, 0.2, 0.1)
5550 (0.0, 0.2, 0.1)
5551 (0.0, 0.2, 0.1)
5552 (0.0, 0.2, 0.1)
5553 (0.0, 0.2, 0.1)
5554 (0.0, 0.2, 0.1)
5555 (0.0, 0.2, 0.1)
5556 (0.0, 0.2, 0.1)
5557 (0.0, 0.2, 0.1)
5558 (0.0, 0.2, 0.1)
5559 (0.0, 0.2, 0.1)
5560 (0.0, 0.2, 0.1)
5561 (0.0, 0.2, 0.1)
5562 (0.0, 0.2, 0.1)
5563 (0.0, 0.2, 0.1)
5564 (0.0, 0.2, 0.1)
5565 (0.0, 0.2, 0.1)
5566 (0.0, 0.2, 0.1)
5567 (0.0, 0.2, 0.1)
5568 (0.0, 0.2, 0.1)
5569 (0.0, 0.2, 0.1)
5570 (0.0, 0.2, 0.1)
5571 (0.0, 0.2, 0.1)
5572 (0.0, 0.2, 0.1)
5573 (0.0, 0.2, 0.1)
5574 (0.0, 0.2, 0.1)
5575 (0.0, 0.2, 0.1)
5576 (0.0, 0.2, 0.1)
5577 (0.0, 0.2, 0.1)
5578 (0.0, 0.2, 0.1)
5579 (0.0, 0.2, 0.1)
5580 (0.0, 0.2, 0.1)
5581 (0.0, 0.2, 0.1)
5582 (0.0, 0.2, 0.1)
5583 (0.0, 0.2, 0.1)
5584 (0.0, 0.2, 0.1)
5585 (0.0, 0.2, 0.1)
5586 (0.0, 0.2, 0.1)
5587 (0.0, 0.2, 0.1)
5588 (0.0, 0.2, 0.1)
5589 (0.0, 0.2, 0.1)
5590 (0.0, 0.2, 0.1)
5591 (0.0, 0.2, 0.1)
5592 (0.0, 0.2, 0.1)
5593 (0.0, 0.2, 0.1)
5594 (0.0, 0.2, 0.1)
5595 (0.0, 0.2, 0.1)
5596 (0.0, 0.2, 0.1)
5597 (0.0, 0.2, 0.1)
5598 (0.0, 0.2, 0.1)
5599 (0.0, 0.2, 0.1)
5600 (0.0, 0.2, 0.1)
